image: ./22.pgm
resolution: 0.050000
origin: [-10.445717, -13.277570, 0.0]
negate: 0
occupied_thresh: 0.65
free_thresh: 0.196
