image: ./33.pgm
resolution: 0.050000
origin: [-16.519608, -26.208444, 0.0]
negate: 0
occupied_thresh: 0.65
free_thresh: 0.196
