cam0:
  T_cam_imu:
  - [0.9973244897705194, -0.07272771353887886, -0.007385241186350596, 0.01583156836456316]
  - [0.07255304062270473, 0.9971292143201729, -0.02166532357559885, 0.01797882976155943]
  - [0.008939709188444021, 0.021071536076945552, 0.9997380016619277, 0.04081151734098839]
  - [0.0, 0.0, 0.0, 1.0]
  cam_overlaps: [1, 3]
  camera_model: pinhole
  distortion_coeffs: [-0.0016509958435871643, 0.02437222940989351, -0.03582816956989852,
    0.019860839087717054]
  distortion_model: equidistant
  intrinsics: [461.487246372674, 460.1113992557959, 356.39105303227853, 231.15719697054647]
  resolution: [752, 480]
  rostopic: /camera/infra1/image_rect_raw
  timeshift_cam_imu: 0.011493716052484513
cam1:
  T_cam_imu:
  - [0.9974003966767909, -0.0715634728419916, -0.008433152659212522, -0.09435639731140609]
  - [0.0713741397014859, 0.997229699898952, -0.020944159599247735, 0.01766741419156442]
  - [0.009908627092227658, 0.02028780407632912, 0.9997450795652398, 0.04093568571183266]
  - [0.0, 0.0, 0.0, 1.0]
  T_cn_cnm1:
  - [0.9999987703316412, 0.00118910902935917, -0.0010224259962834177, -0.11016759824092018]
  - [-0.0011883808160330714, 0.9999990400088908, 0.0007125533866886034, -0.0003216647632433766]
  - [0.0010232723184295653, -0.0007113374790444546, 0.9999992234560732, 0.00012078907255410462]
  - [0.0, 0.0, 0.0, 1.0]
  cam_overlaps: [0, 3]
  camera_model: pinhole
  distortion_coeffs: [-0.0009362378060020789, 0.018833308358932984, -0.030558453797100132,
    0.01955083559432553]
  distortion_model: equidistant
  intrinsics: [462.4318044040118, 461.1780497604126, 377.0119530476368, 226.49966248854923]
  resolution: [752, 480]
  rostopic: /camera/infra2/image_rect_raw
  timeshift_cam_imu: 0.024934396139477212
